1 -41.390000 0.000000 -42.000020, 0.000000 0.000000 0.000000 1.000000 1.000000 2.000000 
2 -45.120000 0.000000 -33.000020, 0.000000 180.000000 0.000000 1.000000 1.000000 2.000000 
3 -50.290000 0.000000 -40.900020, 0.000000 270.000000 0.000000 1.000000 0.700000 1.000000 
4 -52.200000 0.000000 -35.710010, 0.000000 180.000000 0.000000 2.000000 1.000000 2.000000 
5 -52.862510 3.243366 -35.200300, 0.000000 180.000000 0.000000 2.000000 1.000000 2.000000 
6 -52.862510 3.184669 -35.200300, 0.000000 180.000000 0.000000 2.000000 1.000000 2.000000 
7 -52.862640 2.640717 -35.205770, 0.000000 180.000000 0.000000 2.000000 1.000000 2.000000 
8 -52.815880 2.428280 -35.280480, 0.000000 300.000000 0.000000 2.000000 1.000000 2.000000 
9 -52.912660 2.428280 -35.277950, 0.000000 60.000000 0.000000 2.000000 1.000000 2.000000 
10 -52.866140 2.428280 -35.158800, 0.000000 180.000000 0.000000 2.000000 1.000000 2.000000 
11 -52.867420 3.243752 -35.328380, 0.000000 180.000000 0.000000 2.000000 1.000000 2.000000 
12 -52.195680 3.243752 -35.194290, 0.000000 180.000000 0.000000 2.000000 1.000000 2.000000 
13 -52.173370 1.414131 -35.225620, 0.000000 180.000000 0.000000 2.000000 1.000000 2.000000 
14 -23.470000 0.000000 -37.920010, 0.000000 270.000000 0.000000 1.000000 1.000000 1.000000 
15 -23.215140 3.243366 -37.588760, 0.000000 270.000000 0.000000 1.000000 1.000000 1.000000 
16 -23.215140 3.184669 -37.588770, 0.000000 270.000000 0.000000 1.000000 1.000000 1.000000 
17 -23.217870 2.640717 -37.588710, 0.000000 270.000000 0.000000 1.000000 1.000000 1.000000 
18 -23.255220 2.428280 -37.612100, 0.000000 30.000000 0.000000 1.000000 1.000000 1.000000 
19 -23.253950 2.428280 -37.563710, 0.000000 150.000000 0.000000 1.000000 1.000000 1.000000 
20 -23.194380 2.428280 -37.586970, 0.000000 270.000000 0.000000 1.000000 1.000000 1.000000 
21 -23.279180 3.243752 -37.586310, 0.000000 270.000000 0.000000 1.000000 1.000000 1.000000 
22 -23.212140 3.243752 -37.922180, 0.000000 270.000000 0.000000 1.000000 1.000000 1.000000 
23 -23.227790 1.414131 -37.933340, 0.000000 270.000000 0.000000 1.000000 1.000000 1.000000 
24 -23.470000 0.000000 -34.270010, 0.000000 270.000000 0.000000 1.000000 1.000000 1.000000 
25 -23.215140 3.243366 -33.938760, 0.000000 270.000000 0.000000 1.000000 1.000000 1.000000 
26 -23.215140 3.184669 -33.938770, 0.000000 270.000000 0.000000 1.000000 1.000000 1.000000 
27 -23.217870 2.640717 -33.938710, 0.000000 270.000000 0.000000 1.000000 1.000000 1.000000 
28 -23.255220 2.428280 -33.962100, 0.000000 30.000000 0.000000 1.000000 1.000000 1.000000 
29 -23.253950 2.428280 -33.913710, 0.000000 150.000000 0.000000 1.000000 1.000000 1.000000 
30 -23.194380 2.428280 -33.936970, 0.000000 270.000000 0.000000 1.000000 1.000000 1.000000 
31 -23.279180 3.243752 -33.936310, 0.000000 270.000000 0.000000 1.000000 1.000000 1.000000 
32 -23.212140 3.243752 -34.272180, 0.000000 270.000000 0.000000 1.000000 1.000000 1.000000 
33 -23.227790 1.414131 -34.283340, 0.000000 270.000000 0.000000 1.000000 1.000000 1.000000 
34 -23.470000 0.000000 -36.010010, 0.000000 270.000000 0.000000 1.000000 1.000000 1.000000 
35 -23.215140 3.243366 -35.678760, 0.000000 270.000000 0.000000 1.000000 1.000000 1.000000 
36 -23.215140 3.184669 -35.678770, 0.000000 270.000000 0.000000 1.000000 1.000000 1.000000 
37 -23.217870 2.640717 -35.678710, 0.000000 270.000000 0.000000 1.000013 1.000000 1.000013 
38 -23.255220 2.428280 -35.702100, 0.000000 30.000000 0.000000 1.000012 1.000000 1.000012 
39 -23.253950 2.428280 -35.653710, 0.000000 150.000000 0.000000 1.000016 1.000000 1.000016 
40 -23.194380 2.428280 -35.676970, 0.000000 270.000000 0.000000 1.000016 1.000000 1.000016 
41 -23.279180 3.243752 -35.676310, 0.000000 270.000000 0.000000 1.000000 1.000000 1.000000 
42 -23.212140 3.243752 -36.012180, 0.000000 270.000000 0.000000 1.000000 1.000000 1.000000 
43 -23.227790 1.414131 -36.023340, 0.000000 270.000000 0.000000 1.000000 1.000000 1.000000 
44 -28.980000 0.000000 -34.270010, 0.000000 90.000000 0.000000 1.000000 1.000000 1.000000 
45 -29.234860 3.243366 -34.601280, 0.000000 90.000000 0.000000 1.000000 1.000000 1.000000 
46 -29.234860 3.184669 -34.601280, 0.000000 90.000000 0.000000 1.000000 1.000000 1.000000 
47 -29.232130 2.640717 -34.601360, 0.000000 90.000000 0.000000 1.000000 1.000000 1.000000 
48 -29.194780 2.428280 -34.577980, 0.000000 210.000000 0.000000 1.000000 1.000000 1.000000 
49 -29.196040 2.428280 -34.626370, 0.000000 330.000000 0.000000 1.000000 1.000000 1.000000 
50 -29.255620 2.428280 -34.603120, 0.000000 90.000000 0.000000 1.000000 1.000000 1.000000 
51 -29.170820 3.243752 -34.603730, 0.000000 90.000000 0.000000 1.000000 1.000000 1.000000 
52 -29.237860 3.243752 -34.267860, 0.000000 90.000000 0.000000 1.000000 1.000000 1.000000 
53 -29.222200 1.414131 -34.256700, 0.000000 90.000000 0.000000 1.000000 1.000000 1.000000 
54 -28.980000 0.000000 -36.010010, 0.000000 90.000000 0.000000 1.000000 1.000000 1.000000 
55 -29.234860 3.243366 -36.341280, 0.000000 90.000000 0.000000 1.000000 1.000000 1.000000 
56 -29.234860 3.184669 -36.341280, 0.000000 90.000000 0.000000 1.000000 1.000000 1.000000 
57 -29.232130 2.640717 -36.341350, 0.000000 90.000000 0.000000 1.000000 1.000000 1.000000 
58 -29.194780 2.428280 -36.317980, 0.000000 210.000000 0.000000 1.000000 1.000000 1.000000 
59 -29.196040 2.428280 -36.366370, 0.000000 330.000000 0.000000 1.000000 1.000000 1.000000 
60 -29.255620 2.428280 -36.343110, 0.000000 90.000000 0.000000 1.000000 1.000000 1.000000 
61 -29.170820 3.243752 -36.343730, 0.000000 90.000000 0.000000 1.000000 1.000000 1.000000 
62 -29.237860 3.243752 -36.007860, 0.000000 90.000000 0.000000 1.000000 1.000000 1.000000 
63 -29.222200 1.414131 -35.996700, 0.000000 90.000000 0.000000 1.000000 1.000000 1.000000 
64 -36.900000 0.000000 2.100001, 0.000000 270.000000 0.000000 1.000000 0.700000 1.000000 
65 33.000000 0.000000 15.880010, 0.000000 0.000000 0.000000 3.000000 3.000000 3.000000 
66 57.070000 0.000000 15.820010, 0.000000 0.000000 0.000000 3.000000 3.000000 3.000000 
67 57.070000 0.000000 23.200010, 0.000000 0.000000 0.000000 3.000000 3.000000 3.000000 
68 43.600000 0.000000 2.100001, 0.000000 270.000000 0.000000 1.000000 0.700000 1.000000 
69 38.630000 0.000000 18.726000, 0.000000 0.000000 0.000000 1.000000 0.700000 1.000000 
70 45.676000 0.000000 18.726000, 0.000000 0.000000 0.000000 1.000000 0.700000 1.000000 
71 42.149530 0.000000 18.727010, 0.000000 0.000000 0.000000 1.000000 0.700000 1.000000 
72 40.354000 0.000000 16.800010, 0.000000 0.000000 0.000000 1.000000 1.000000 1.000000 
73 47.400000 0.000000 16.800010, 0.000000 0.000000 0.000000 1.000000 1.000000 1.000000 
74 46.900000 0.000000 2.100001, 0.000000 90.000000 0.000000 1.000000 0.700000 1.000000 
75 45.500000 0.000000 4.000000, 0.000000 0.000000 0.000000 1.000000 0.700000 1.000000 
76 45.500000 0.000000 -4.000000, 0.000000 180.000000 0.000000 1.000000 0.700000 1.000000 
77 40.500000 0.000000 10.500000, 0.000000 0.000000 0.000000 1.000000 0.700000 1.000000 
78 40.500000 0.000000 7.300004, 0.000000 0.000000 0.000000 1.000000 0.700000 1.000000 
79 40.500000 0.000000 -7.300004, 0.000000 0.000000 0.000000 1.000000 0.700000 1.000000 
80 40.500000 0.000000 -10.500000, 0.000000 0.000000 0.000000 1.000000 0.700000 1.000000 
81 41.500000 0.000000 -15.500010, 0.000000 90.000000 0.000000 1.000000 0.700000 1.000000 
82 50.500000 0.000000 -15.640010, 0.000000 90.000000 0.000000 1.000000 0.700000 1.000000 
83 53.700000 0.000000 -15.640010, 0.000000 90.000000 0.000000 1.000000 0.700000 1.000000 
84 44.700000 0.000000 -15.500010, 0.000000 90.000000 0.000000 1.000000 0.700000 1.000000 
85 33.000000 0.000000 -16.670010, 0.000000 0.000000 0.000000 3.000000 3.000000 3.000000 
86 38.500000 0.000000 1.600001, 0.000000 0.000000 0.000000 1.000000 0.700000 1.000000 
87 51.740000 0.000000 1.450000, 0.000000 0.000000 0.000000 1.000000 0.700000 1.000000 
88 56.980000 0.000000 1.450000, 0.000000 0.000000 0.000000 1.000000 0.700000 1.000000 
89 56.980000 0.000000 -1.950001, 0.000000 0.000000 0.000000 1.000000 0.700000 1.000000 
90 51.740000 0.000000 -1.950001, 0.000000 0.000000 0.000000 1.000000 0.700000 1.000000 
91 38.500000 0.000000 -1.600001, 0.000000 0.000000 0.000000 1.000000 0.700000 1.000000 
92 55.260000 0.000000 -7.300004, 0.000000 0.000000 0.000000 1.000000 0.700000 1.000000 
93 55.260000 0.000000 10.500000, 0.000000 0.000000 0.000000 1.000000 0.700000 1.000000 
94 55.260000 0.000000 7.300004, 0.000000 0.000000 0.000000 1.000000 0.700000 1.000000 
95 49.260000 0.000000 10.500000, 0.000000 0.000000 0.000000 1.000000 0.700000 1.000000 
96 49.260000 0.000000 7.300004, 0.000000 0.000000 0.000000 1.000000 0.700000 1.000000 
97 55.260000 0.000000 -10.500000, 0.000000 0.000000 0.000000 1.000000 0.700000 1.000000 
98 49.260000 0.000000 -7.300004, 0.000000 0.000000 0.000000 1.000000 0.700000 1.000000 
99 49.260000 0.000000 -10.500000, 0.000000 0.000000 0.000000 1.000000 0.700000 1.000000 
100 34.500000 0.000000 -7.300004, 0.000000 0.000000 0.000000 1.000000 0.700000 1.000000 
101 34.500000 0.000000 -10.500000, 0.000000 0.000000 0.000000 1.000000 0.700000 1.000000 
102 34.500000 0.000000 10.500000, 0.000000 0.000000 0.000000 1.000000 0.700000 1.000000 
103 34.500000 0.000000 7.300004, 0.000000 0.000000 0.000000 1.000000 0.700000 1.000000 
104 46.900000 0.000000 -2.100001, 0.000000 90.000000 0.000000 1.000000 0.700000 1.000000 
105 45.500000 0.000000 9.000000, 0.000000 0.000000 0.000000 1.000000 0.500000 1.000000 
106 45.500000 0.000000 -9.000000, 0.000000 0.000000 0.000000 1.000000 0.500000 1.000000 
107 34.140000 0.000000 -2.000000, 0.000000 0.000000 0.000000 1.000000 0.500000 1.000000 
108 34.140000 0.000000 2.000000, 0.000000 0.000000 0.000000 1.000000 0.500000 1.000000 
109 47.120000 0.000000 -19.020010, 0.000000 0.000000 0.000000 1.000000 0.500000 1.000000 
110 58.180000 0.000000 -17.140010, 0.000000 0.000000 0.000000 1.000000 0.500000 1.000000 
111 52.410000 0.000000 15.540010, 0.000000 0.000000 0.000000 1.000000 0.500000 1.000000 
112 55.740000 0.000000 27.820010, 0.000000 0.000000 0.000000 1.000000 0.500000 1.000000 
113 43.600000 0.000000 -2.100001, 0.000000 270.000000 0.000000 1.000000 0.700000 1.000000 
114 55.140000 0.000000 41.560020, 0.000000 90.000000 0.000000 0.900004 1.000000 0.900004 
115 54.192310 1.243374 41.141160, 0.000000 90.000000 0.000000 0.900007 1.000000 0.900007 
116 56.488770 1.243374 42.003300, 0.000000 90.000000 0.000000 0.900007 1.000000 0.900007 
117 55.584890 1.243374 41.657380, 0.000000 90.000000 0.000000 0.900007 1.000000 0.900007 
118 -41.870000 0.000000 18.726000, 0.000000 0.000000 0.000000 1.000000 0.700000 1.000000 
119 -34.824000 0.000000 18.726000, 0.000000 0.000000 0.000000 1.000000 0.700000 1.000000 
120 -38.350470 0.000000 18.727010, 0.000000 0.000000 0.000000 1.000000 0.700000 1.000000 
121 -40.146000 0.000000 16.800010, 0.000000 0.000000 0.000000 1.000000 1.000000 1.000000 
122 -33.100000 0.000000 16.800010, 0.000000 0.000000 0.000000 1.000000 1.000000 1.000000 
123 -41.350000 0.000000 -33.000020, 0.000000 180.000000 0.000000 1.000000 1.000000 2.000000 
124 -42.530000 0.000000 -33.000020, 0.000000 180.000000 0.000000 1.000000 1.000000 2.000000 
125 -36.870000 0.000000 -33.180020, 0.000000 180.000000 0.000000 1.000000 1.000000 1.000000 
126 -36.869970 2.457954 -32.198740, 0.000000 180.000000 0.000000 1.000000 1.000000 1.000000 
127 -42.664000 0.000000 -42.000020, 0.000000 0.000000 0.000000 1.000000 1.000000 2.000000 
128 -43.796050 0.000000 -33.000020, 0.000000 180.000000 0.000000 1.000000 1.000000 2.000000 
129 -33.600000 0.000000 2.100001, 0.000000 90.000000 0.000000 1.000000 0.700000 1.000000 
130 -13.400000 0.000000 24.700020, 0.000000 90.000000 0.000000 1.000000 1.000000 1.000000 
131 6.840000 1.500000 28.720010, 0.000000 90.000000 0.000000 1.000000 1.000000 1.000000 
132 14.784290 0.000000 24.430020, 0.000000 180.000000 0.000000 1.000000 1.000000 1.000000 
133 14.148850 1.212778 24.507140, 0.000000 180.000000 0.000000 1.000000 1.000000 1.000000 
134 8.064294 0.000000 24.370020, 0.000000 0.000000 0.000000 1.000000 1.000000 1.000000 
135 17.094290 0.000000 24.430020, 0.000000 0.000000 0.000000 1.000000 1.000000 1.000000 
136 17.061140 1.237576 25.277820, 0.000000 0.000000 0.000000 1.000000 1.000000 1.000000 
137 10.374290 0.000000 24.430020, 0.000000 180.000000 0.000000 1.000000 1.000000 1.000000 
138 10.983490 1.158989 24.794770, 0.000000 180.000000 0.000000 1.000000 1.000000 1.000000 
139 10.365500 1.158989 24.794770, 0.000000 180.000000 0.000000 1.000000 1.000000 1.000000 
140 9.767314 1.158989 24.794770, 0.000000 180.000000 0.000000 1.000000 1.000000 1.000000 
141 12.580000 0.000000 24.430020, 0.000000 180.000000 0.000000 1.000000 1.000000 1.000000 
142 11.944560 1.212778 24.507140, 0.000000 180.000000 0.000000 1.000000 1.000000 1.000000 
143 5.000000 0.000000 5.000000, 0.000000 0.000000 0.000000 1.000000 0.500000 1.000000 
144 5.000000 0.000000 -5.000000, 0.000000 0.000000 0.000000 1.000000 0.500000 1.000000 
145 -5.000000 0.000000 -5.000000, 0.000000 0.000000 0.000000 1.000000 0.500000 1.000000 
146 10.230000 0.000000 -12.570010, 0.000000 0.000000 0.000000 1.000000 0.500000 1.000000 
147 9.900000 0.000000 14.570010, 0.000000 0.000000 0.000000 1.000000 0.500000 1.000000 
148 -8.420000 0.000000 -12.760010, 0.000000 0.000000 0.000000 1.000000 0.500000 1.000000 
149 -14.050000 0.000000 28.700020, 0.000000 270.000000 0.000000 1.000000 1.000000 1.000000 
150 -13.400000 0.000000 35.830020, 0.000000 90.000000 0.000000 1.000000 1.000000 1.000000 
151 -14.050000 0.000000 39.830020, 0.000000 270.000000 0.000000 1.000000 1.000000 1.000000 
152 -13.400000 0.000000 39.790020, 0.000000 90.000000 0.000000 1.000000 1.000000 1.000000 
153 -14.050000 0.000000 43.790020, 0.000000 270.000000 0.000000 1.000000 1.000000 1.000000 
154 -1.200000 0.000000 35.300010, 0.000000 0.000000 0.000000 1.000000 0.500000 1.000000 
155 -10.000000 0.000000 22.500010, 0.000000 0.000000 0.000000 1.000000 0.500000 1.000000 
156 -12.080000 0.000000 51.820030, 0.000000 0.000000 0.000000 1.000000 0.500000 1.000000 
157 58.070000 0.000000 -58.360030, 0.000000 0.000000 0.000000 1.000000 0.500000 1.000000 
158 -3.980001 0.000000 50.980030, 0.000000 90.000000 0.000000 1.000000 1.000000 1.000000 
159 -4.720000 0.000000 53.590050, 0.000000 90.000000 0.000000 1.000000 1.000000 1.000000 
160 -28.300000 0.000000 -41.490010, 0.000000 0.000000 0.000000 1.000000 0.500000 1.000000 
161 -23.730000 0.000000 -42.200020, 0.000000 0.000000 0.000000 1.000000 0.500000 1.000000 
162 -22.160000 0.000000 -22.800010, 0.000000 0.000000 0.000000 1.000000 0.500000 1.000000 
163 -30.400000 0.000000 -29.260020, 0.000000 0.000000 0.000000 1.000000 0.500000 1.000000 
164 -57.890000 0.000000 -35.160020, 0.000000 0.000000 0.000000 1.000000 0.500000 1.000000 
165 -33.370000 0.000000 -42.040030, 0.000000 0.000000 0.000000 1.000000 1.000000 1.000000 
166 -33.370030 2.457954 -43.021320, 0.000000 0.000000 0.000000 1.000000 1.000000 1.000000 
167 -35.000000 0.000000 4.000000, 0.000000 0.000000 0.000000 1.000000 0.700000 1.000000 
168 55.180000 0.000000 37.030020, 0.000000 90.000000 0.000000 0.900004 1.000000 0.900004 
169 54.232320 1.243374 36.611160, 0.000000 90.000000 0.000000 0.900007 1.000000 0.900007 
170 56.528770 1.243374 37.473300, 0.000000 90.000000 0.000000 0.900007 1.000000 0.900007 
171 55.624890 1.243374 37.127380, 0.000000 90.000000 0.000000 0.900007 1.000000 0.900007 
172 -45.212000 0.000000 -42.000020, 0.000000 0.000000 0.000000 1.000000 1.000000 2.000000 
173 -21.850000 0.000000 -27.010020, 0.000000 0.000000 0.000000 1.000000 0.700000 1.000000 
174 -35.000000 0.000000 -4.000000, 0.000000 180.000000 0.000000 1.000000 0.700000 1.000000 
175 -43.940000 0.000000 -42.000020, 0.000000 0.000000 0.000000 1.000000 1.000000 2.000000 
176 23.400000 0.000000 8.900003, 0.000000 0.000000 0.000000 1.000000 0.500000 1.000000 
177 27.400000 0.000000 17.000000, 0.000000 0.000000 0.000000 1.000000 0.500000 1.000000 
178 16.000000 0.000000 55.330010, 0.000000 0.000000 0.000000 1.000000 1.000000 1.000000 
179 9.639999 0.000000 30.020020, 0.000000 0.000000 0.000000 1.000000 1.000000 1.000000 
180 0.000000 0.000000 14.000000, 0.000000 0.000000 0.000000 1.000000 0.500000 1.000000 
181 13.640000 0.000000 30.020020, 0.000000 0.000000 0.000000 1.000000 1.000000 1.000000 
182 -40.000000 0.000000 10.500000, 0.000000 0.000000 0.000000 1.000000 0.700000 1.000000 
183 -40.000000 0.000000 7.300004, 0.000000 0.000000 0.000000 1.000000 0.700000 1.000000 
184 -40.000000 0.000000 -7.300004, 0.000000 0.000000 0.000000 1.000000 0.700000 1.000000 
185 -40.000000 0.000000 -10.500000, 0.000000 0.000000 0.000000 1.000000 0.700000 1.000000 
186 -39.000000 0.000000 -15.500010, 0.000000 90.000000 0.000000 1.000000 0.700000 1.000000 
187 -30.000000 0.000000 -15.640010, 0.000000 90.000000 0.000000 1.000000 0.700000 1.000000 
188 -26.800000 0.000000 -15.640010, 0.000000 90.000000 0.000000 1.000000 0.700000 1.000000 
189 -35.800000 0.000000 -15.500010, 0.000000 90.000000 0.000000 1.000000 0.700000 1.000000 
190 -42.000000 0.000000 1.290000, 0.000000 0.000000 0.000000 1.000000 0.700000 1.000000 
191 -47.000000 0.000000 1.290000, 0.000000 0.000000 0.000000 1.000000 0.700000 1.000000 
192 -47.000000 0.000000 -2.110001, 0.000000 0.000000 0.000000 1.000000 0.700000 1.000000 
193 -29.000000 0.000000 1.450000, 0.000000 0.000000 0.000000 1.000000 0.700000 1.000000 
194 -29.000000 0.000000 -1.950001, 0.000000 0.000000 0.000000 1.000000 0.700000 1.000000 
195 -24.000000 0.000000 1.450000, 0.000000 0.000000 0.000000 1.000000 0.700000 1.000000 
196 -24.000000 0.000000 -1.950001, 0.000000 0.000000 0.000000 1.000000 0.700000 1.000000 
197 -42.000000 0.000000 -2.110001, 0.000000 0.000000 0.000000 1.000000 0.700000 1.000000 
198 -25.240000 0.000000 -7.300004, 0.000000 0.000000 0.000000 1.000000 0.700000 1.000000 
199 -25.240000 0.000000 10.500000, 0.000000 0.000000 0.000000 1.000000 0.700000 1.000000 
200 -25.240000 0.000000 7.300004, 0.000000 0.000000 0.000000 1.000000 0.700000 1.000000 
201 -31.240000 0.000000 10.500000, 0.000000 0.000000 0.000000 1.000000 0.700000 1.000000 
202 -31.240000 0.000000 7.300004, 0.000000 0.000000 0.000000 1.000000 0.700000 1.000000 
203 -25.240000 0.000000 -10.500000, 0.000000 0.000000 0.000000 1.000000 0.700000 1.000000 
204 -31.240000 0.000000 -7.300004, 0.000000 0.000000 0.000000 1.000000 0.700000 1.000000 
205 -31.240000 0.000000 -10.500000, 0.000000 0.000000 0.000000 1.000000 0.700000 1.000000 
206 -46.000000 0.000000 -7.300004, 0.000000 0.000000 0.000000 1.000000 0.700000 1.000000 
207 -46.000000 0.000000 -10.500000, 0.000000 0.000000 0.000000 1.000000 0.700000 1.000000 
208 -46.000000 0.000000 10.500000, 0.000000 0.000000 0.000000 1.000000 0.700000 1.000000 
209 -46.000000 0.000000 7.300004, 0.000000 0.000000 0.000000 1.000000 0.700000 1.000000 
210 10.500000 0.000000 42.520020, 0.000000 0.000000 0.000000 1.000000 1.000000 1.000000 
211 10.500000 0.000000 38.620020, 0.000000 0.000000 0.000000 1.000000 1.000000 1.000000 
212 -6.780000 0.000000 35.970020, 0.000000 270.000000 0.000000 1.000000 1.000000 1.000000 
213 -5.000000 0.000000 5.000000, 0.000000 0.000000 0.000000 1.000000 0.500000 1.000000 
214 -33.600000 0.000000 -2.100001, 0.000000 90.000000 0.000000 1.000000 0.700000 1.000000 
215 3.800000 0.000000 -9.000000, 0.000000 0.000000 0.000000 1.000000 1.000000 1.000000 
216 8.147294 1.500000 24.370020, 0.000000 0.000000 0.000000 1.000000 1.000000 1.000000 
217 28.590000 0.000000 -38.290020, 0.000000 270.000000 0.000000 1.000000 1.000000 1.000000 
218 30.137780 0.514454 -41.743260, 0.000000 270.000000 0.000000 1.000000 1.000000 1.000000 
219 30.166870 0.385815 -41.416610, 0.000000 270.000000 0.000000 1.000000 1.000000 1.000000 
220 28.590000 0.000000 -49.930050, 0.000000 270.000000 0.000000 1.000000 1.000000 1.000000 
221 30.137780 0.514454 -53.383300, 0.000000 270.000000 0.000000 1.000000 1.000000 1.000000 
222 30.166870 0.385815 -53.056650, 0.000000 270.000000 0.000000 1.000000 1.000000 1.000000 
223 -22.940000 0.000000 38.000020, 0.000000 90.000000 0.000000 1.000000 1.000000 1.000000 
224 -24.487780 0.514454 41.453270, 0.000000 90.000000 0.000000 1.000000 1.000000 1.000000 
225 -24.516860 0.385815 41.126620, 0.000000 90.000000 0.000000 1.000000 1.000000 1.000000 
226 -22.940000 0.000000 49.640050, 0.000000 90.000000 0.000000 1.000000 1.000000 1.000000 
227 -24.487780 0.514454 53.093310, 0.000000 90.000000 0.000000 1.000000 1.000000 1.000000 
228 -24.516860 0.385815 52.766650, 0.000000 90.000000 0.000000 1.000000 1.000000 1.000000 
229 -29.000000 0.000000 49.640050, 0.000000 90.000000 0.000000 1.000000 1.000000 1.000000 
230 -30.547780 0.514454 53.093310, 0.000000 90.000000 0.000000 1.000000 1.000000 1.000000 
231 -30.576870 0.385815 52.766650, 0.000000 90.000000 0.000000 1.000000 1.000000 1.000000 
232 -29.000000 0.000000 38.000020, 0.000000 90.000000 0.000000 1.000000 1.000000 1.000000 
233 -30.547780 0.514454 41.453270, 0.000000 90.000000 0.000000 1.000000 1.000000 1.000000 
234 -30.576870 0.385815 41.126620, 0.000000 90.000000 0.000000 1.000000 1.000000 1.000000 
235 -48.579990 0.000000 57.000030, 0.000000 270.000000 0.000000 2.500005 1.000000 1.300003 
236 -46.373890 1.931477 48.392690, 0.000000 270.000000 0.000000 2.500011 1.000000 1.300006 
237 -46.521620 0.385815 47.864280, 0.000000 270.000000 0.000000 2.500011 1.000000 1.300006 
238 -40.000000 0.000000 57.000030, 0.000000 270.000000 0.000000 2.700005 1.000000 1.300003 
239 -37.793900 1.931477 47.704090, 0.000000 270.000000 0.000000 2.700011 1.000000 1.300006 
240 -37.941630 0.385815 47.133430, 0.000000 270.000000 0.000000 2.700011 1.000000 1.300006 
241 -56.500000 0.000000 57.000030, 0.000000 270.000000 0.000000 2.500005 1.000000 1.300003 
242 -54.293900 1.931477 48.392690, 0.000000 270.000000 0.000000 2.500011 1.000000 1.300006 
243 -54.441630 0.385815 47.864280, 0.000000 270.000000 0.000000 2.500011 1.000000 1.300006 
244 22.530000 0.000000 -38.290020, 0.000000 270.000000 0.000000 1.000000 1.000000 1.000000 
245 24.077780 0.514454 -41.743260, 0.000000 270.000000 0.000000 1.000000 1.000000 1.000000 
246 24.106870 0.385815 -41.416610, 0.000000 270.000000 0.000000 1.000000 1.000000 1.000000 
247 22.530000 0.000000 -49.930050, 0.000000 270.000000 0.000000 1.000000 1.000000 1.000000 
248 24.077780 0.514454 -53.383280, 0.000000 270.000000 0.000000 1.000000 1.000000 1.000000 
249 24.106870 0.385815 -53.056630, 0.000000 270.000000 0.000000 1.000000 1.000000 1.000000 
250 17.610000 0.000000 30.020020, 0.000000 0.000000 0.000000 1.000000 1.000000 1.000000 
251 5.000000 0.000000 55.330010, 0.000000 0.000000 0.000000 1.000000 1.000000 1.000000 
252 55.940000 0.000000 -56.000030, 0.000000 90.000000 0.000000 2.700005 1.000000 1.300003 
253 53.733890 1.931477 -46.704060, 0.000000 90.000000 0.000000 2.700010 1.000000 1.300005 
254 53.881630 0.385815 -46.133400, 0.000000 90.000000 0.000000 2.700010 1.000000 1.300005 
255 56.400000 0.000000 -33.800030, 0.000000 90.000000 0.000000 1.400002 1.000000 2.000000 
256 53.005970 1.931479 -28.979900, 0.000000 90.000000 0.000000 1.400005 1.000000 2.000013 
257 53.233280 0.385813 -28.684010, 0.000000 90.000000 0.000000 1.400005 1.000000 2.000013 
258 46.900000 0.000000 -33.800030, 0.000000 90.000000 0.000000 1.400002 1.000000 2.000000 
259 43.505970 1.931479 -28.979900, 0.000000 90.000000 0.000000 1.400005 1.000000 2.000013 
260 43.733280 0.385813 -28.684010, 0.000000 90.000000 0.000000 1.400005 1.000000 2.000013 
261 36.880000 0.000000 -33.800030, 0.000000 90.000000 0.000000 1.400002 1.000000 2.000000 
262 33.485980 1.931479 -28.979900, 0.000000 90.000000 0.000000 1.400005 1.000000 2.000013 
263 33.713270 0.385813 -28.684010, 0.000000 90.000000 0.000000 1.400005 1.000000 2.000013 
264 47.360000 0.000000 -56.000030, 0.000000 90.000000 0.000000 2.500005 1.000000 1.300003 
265 45.153900 1.931477 -47.392630, 0.000000 90.000000 0.000000 2.500010 1.000000 1.300005 
266 45.301630 0.385815 -46.864260, 0.000000 90.000000 0.000000 2.500010 1.000000 1.300005 
267 39.440000 0.000000 -56.000030, 0.000000 90.000000 0.000000 2.500005 1.000000 1.300003 
268 37.233890 1.931477 -47.392630, 0.000000 90.000000 0.000000 2.500010 1.000000 1.300005 
269 37.381630 0.385815 -46.864260, 0.000000 90.000000 0.000000 2.500010 1.000000 1.300005 
270 5.000000 0.000000 12.000000, 0.000000 90.000000 0.000000 0.500002 1.000000 1.000000 
271 17.000000 0.000000 -4.000000, 0.000000 0.000000 0.000000 0.500000 1.000000 1.000000 
272 17.000000 0.000000 5.400002, 0.000000 0.000000 0.000000 0.500000 1.000000 1.000000 
273 15.420000 0.000000 11.070000, 0.000000 0.000000 0.000000 0.500000 1.000000 1.000000 
274 -11.880000 0.000000 11.000000, 0.000000 0.000000 0.000000 0.500000 1.000000 1.000000 
275 -9.199999 0.000000 16.440010, 0.000000 0.000000 0.000000 0.500000 1.000000 1.000000 
276 18.100000 0.000000 16.510010, 0.000000 0.000000 0.000000 0.500000 1.000000 1.000000 
277 -9.130000 0.000000 -16.800010, 0.000000 0.000000 0.000000 0.500000 1.000000 1.000000 
278 -13.150000 0.000000 -13.860010, 0.000000 0.000000 0.000000 0.500000 1.000000 1.000000 
279 -10.430000 0.000000 -9.680004, 0.000000 0.000000 0.000000 0.500000 1.000000 1.000000 
280 13.850000 0.000000 -17.420010, 0.000000 90.000000 0.000000 0.500002 1.000000 1.000000 
281 16.570000 0.000000 -13.240010, 0.000000 90.000000 0.000000 0.500002 1.000000 1.000000 
282 -13.000000 0.000000 -4.000000, 0.000000 0.000000 0.000000 0.500000 1.000000 1.000000 
283 -13.000000 0.000000 5.400002, 0.000000 0.000000 0.000000 0.500000 1.000000 1.000000 
284 0.000000 0.000000 -14.000000, 0.000000 0.000000 0.000000 1.000000 0.500000 1.000000 
285 14.000000 0.000000 0.000000, 0.000000 0.000000 0.000000 1.000000 0.500000 1.000000 
286 -14.000000 0.000000 0.000000, 0.000000 0.000000 0.000000 1.000000 0.500000 1.000000 
287 -35.000000 0.000000 9.000000, 0.000000 0.000000 0.000000 1.000000 0.500000 1.000000 
288 -35.000000 0.000000 -9.000000, 0.000000 0.000000 0.000000 1.000000 0.500000 1.000000 
289 -32.950000 0.000000 -19.350010, 0.000000 0.000000 0.000000 1.000000 0.500000 1.000000 
290 -57.670000 0.000000 -52.710030, 0.000000 0.000000 0.000000 1.000000 0.500000 1.000000 
291 -22.320000 0.000000 -17.140010, 0.000000 0.000000 0.000000 1.000000 0.500000 1.000000 
292 -28.090000 0.000000 15.540010, 0.000000 0.000000 0.000000 1.000000 0.500000 1.000000 
293 5.000000 0.000000 -17.830010, 0.000000 90.000000 0.000000 0.500002 1.000000 1.000000 
294 -4.200000 0.000000 -17.830010, 0.000000 90.000000 0.000000 0.500002 1.000000 1.000000 
295 -4.200000 0.000000 12.000000, 0.000000 90.000000 0.000000 0.500002 1.000000 1.000000 
296 8.260000 1.500000 30.380010, 0.000000 180.000000 0.000000 1.000000 1.000000 1.000000 
297 17.054290 1.500000 24.689990, 0.000000 0.000000 0.000000 1.000000 1.000000 1.000000 
298 16.000000 0.000000 46.340000, 0.000000 0.000000 0.000000 1.000000 1.000000 1.000000 
299 -36.900000 0.000000 -2.100001, 0.000000 270.000000 0.000000 1.000000 0.700000 1.000000 
300 23.700000 0.000000 0.200000, 0.000000 0.000000 0.000000 4.000000 4.000000 4.000000 
301 23.500000 0.000000 15.300010, 0.000000 0.000000 0.000000 4.000000 3.000000 4.000000 
302 27.100000 0.000000 12.100010, 0.000000 0.000000 0.000000 3.000000 3.000000 3.000000 
303 28.200000 0.000000 4.800002, 0.000000 0.000000 0.000000 4.000000 3.000000 4.000000 
304 21.600000 0.000000 -6.900004, 0.000000 0.000000 0.000000 4.000000 3.000000 3.500002 
305 5.000000 0.000000 50.690030, 0.000000 0.000000 0.000000 1.000000 0.500000 1.000000 
306 16.000000 0.000000 50.690030, 0.000000 0.000000 0.000000 1.000000 0.500000 1.000000 
307 16.000000 0.000000 41.120010, 0.000000 0.000000 0.000000 1.000000 0.500000 1.000000 
308 22.500000 0.000000 42.150020, 0.000000 0.000000 0.000000 1.000000 0.500000 1.000000 
309 27.000000 0.000000 35.000020, 0.000000 0.000000 0.000000 1.000000 0.500000 1.000000 
310 50.360000 0.000000 42.790020, 0.000000 0.000000 0.000000 1.000000 0.500000 1.000000 
311 5.000000 0.000000 41.120010, 0.000000 0.000000 0.000000 1.000000 0.500000 1.000000 
312 3.920000 0.000000 22.340010, 0.000000 0.000000 0.000000 1.000000 0.500000 1.000000 
313 12.938040 1.500000 30.320010, 0.000000 180.000000 0.000000 1.000000 1.000000 1.000000 
314 16.000000 0.000000 36.259990, 0.000000 0.000000 0.000000 1.000000 1.000000 1.000000 
315 -9.000000 0.000000 -3.800002, 0.000000 90.000000 0.000000 1.000000 1.000000 1.000000 
316 24.670000 0.000000 -30.250020, 0.000000 270.000000 0.000000 1.000000 1.000000 1.000000 
317 -24.000000 0.000000 28.000020, 0.000000 90.000000 0.000000 1.000000 1.000000 1.000000 
318 -8.210000 0.000000 -25.430020, 0.000000 0.000000 0.000000 1.000000 1.000000 1.000000 
319 3.800000 0.000000 9.000000, 0.000000 0.000000 0.000000 1.000000 1.000000 1.000000 
320 -6.780000 0.000000 41.450000, 0.000000 270.000000 0.000000 1.000000 1.000000 1.000000 
321 9.000000 0.000000 -3.800002, 0.000000 90.000000 0.000000 1.000000 1.000000 1.000000 
322 10.500000 0.000000 53.300030, 0.000000 0.000000 0.000000 1.000000 1.000000 1.000000 
323 10.500000 0.000000 49.360030, 0.000000 0.000000 0.000000 1.000000 1.000000 1.000000 
324 5.000000 0.000000 45.930000, 0.000000 0.000000 0.000000 1.000000 1.000000 1.000000 
325 5.000000 0.000000 35.910010, 0.000000 0.000000 0.000000 1.000000 1.000000 1.000000 
326 -13.400000 0.000000 28.660010, 0.000000 90.000000 0.000000 1.000000 1.000000 1.000000 
327 -14.050000 0.000000 32.660010, 0.000000 270.000000 0.000000 1.000000 1.000000 1.000000 
328 -17.320000 0.000000 22.500010, 0.000000 0.000000 0.000000 1.000000 0.500000 1.000000 
329 -17.320000 0.000000 34.170010, 0.000000 0.000000 0.000000 1.000000 0.500000 1.000000 
330 -35.000000 0.000000 35.000020, 0.000000 270.000000 0.000000 1.400002 1.000000 2.000000 
331 -31.904430 0.514452 30.165500, 0.000000 270.000000 0.000000 1.400005 1.000000 2.000013 
332 -31.846250 0.385813 30.622780, 0.000000 270.000000 0.000000 1.400005 1.000000 2.000013 
333 -46.300000 0.000000 34.840010, 0.000000 270.000000 0.000000 1.400002 1.000000 2.000000 
334 -43.204440 0.514452 30.005500, 0.000000 270.000000 0.000000 1.400005 1.000000 2.000013 
335 -43.146260 0.385813 30.462780, 0.000000 270.000000 0.000000 1.400005 1.000000 2.000013 
336 -57.100000 0.000000 34.680010, 0.000000 270.000000 0.000000 1.400002 1.000000 2.000000 
337 -54.004450 0.514452 29.845500, 0.000000 270.000000 0.000000 1.400005 1.000000 2.000013 
338 -53.946270 0.385813 30.302770, 0.000000 270.000000 0.000000 1.400005 1.000000 2.000013 
339 -0.420000 0.000000 44.590020, 0.000000 0.000000 0.000000 7.000000 7.000000 7.000000 
340 2.930000 0.000000 27.260620, 0.000000 0.000000 0.000000 7.000000 7.000000 7.000000 
341 2.240000 0.000000 30.170020, 0.000000 0.000000 0.000000 7.000000 7.000000 7.000000 
342 1.380000 0.000000 27.420630, 0.000000 270.000000 0.000000 7.000034 7.000000 7.000034 
343 -5.720000 0.000000 28.080020, 0.000000 90.000000 0.000000 6.000041 6.000000 6.000041 
344 -56.300010 0.000000 -42.750020, 0.000000 0.000000 0.000000 1.000000 1.000000 1.000000 
345 8.000000 0.000000 -39.600010, 0.000000 0.000000 0.000000 1.000000 0.500000 1.000000 
346 2.570002 0.000000 -30.200000, 0.000000 90.000000 0.000000 1.000000 1.000000 1.000000 
347 0.872988 1.931479 -26.757040, 0.000000 90.000000 0.000000 1.000000 1.000000 1.000000 
348 0.986629 0.385813 -26.545690, 0.000000 90.000000 0.000000 1.000000 1.000000 1.000000 
349 -6.849998 0.000000 -30.840020, 0.000000 270.000000 0.000000 2.000000 1.000000 1.000000 
350 -5.152984 1.931477 -37.725930, 0.000000 270.000000 0.000000 2.000013 1.000000 1.000000 
351 -5.266625 0.385815 -38.148640, 0.000000 270.000000 0.000000 2.000013 1.000000 1.000000 
352 -0.610000 0.000000 -33.230030, 0.000000 270.000000 0.000000 1.000000 1.000000 1.000000 
353 1.087015 1.931477 -36.672980, 0.000000 270.000000 0.000000 1.000000 1.000000 1.000000 
354 0.973374 0.385815 -36.884340, 0.000000 270.000000 0.000000 1.000000 1.000000 1.000000 
355 9.080000 0.000000 -35.090020, 0.000000 90.000000 0.000000 1.000000 1.000000 1.000000 
356 7.382987 1.931477 -31.647060, 0.000000 90.000000 0.000000 1.000000 1.000000 1.000000 
357 7.496628 0.385813 -31.435710, 0.000000 90.000000 0.000000 1.000000 1.000000 1.000000 
358 -13.130000 0.000000 -29.970020, 0.000000 270.000000 0.000000 2.300009 1.000000 1.000000 
359 -11.432990 1.931477 -37.888810, 0.000000 270.000000 0.000000 2.300013 1.000000 1.000000 
360 -11.546630 0.385815 -38.374920, 0.000000 270.000000 0.000000 2.300013 1.000000 1.000000 
361 0.700000 0.000000 -50.670050, 0.000000 0.000000 0.000000 2.000000 1.000000 1.000000 
362 -6.185874 1.931477 -52.367050, 0.000000 0.000000 0.000000 2.000000 1.000000 1.000000 
363 -6.608577 0.385815 -52.253410, 0.000000 0.000000 0.000000 2.000000 1.000000 1.000000 
364 8.180000 0.000000 -56.500030, 0.000000 90.000000 0.000000 1.800009 1.000000 1.000000 
365 6.603128 0.516159 -50.339740, 0.000000 90.000000 0.000000 1.800013 1.000000 1.000000 
366 6.603127 0.385815 -50.339740, 0.000000 90.000000 0.000000 1.800013 1.000000 1.000000 
367 16.090000 0.000000 -56.500030, 0.000000 90.000000 0.000000 1.800009 1.000000 1.000000 
368 14.513130 0.516159 -50.339740, 0.000000 90.000000 0.000000 1.800013 1.000000 1.000000 
369 14.513130 0.385815 -50.339740, 0.000000 90.000000 0.000000 1.800013 1.000000 1.000000 
370 16.090000 0.000000 -38.530010, 0.000000 90.000000 0.000000 1.800009 1.000000 1.000000 
371 14.513130 0.516159 -32.369720, 0.000000 90.000000 0.000000 1.800013 1.000000 1.000000 
372 14.513130 0.385815 -32.369720, 0.000000 90.000000 0.000000 1.800013 1.000000 1.000000 
373 -17.550000 0.000000 -34.380020, 0.000000 90.000000 0.000000 1.000000 1.000000 1.000000 
374 -17.413410 0.615982 -29.314230, 0.000000 90.000000 0.000000 1.000000 1.000000 1.000000 
375 -17.550000 0.000000 -47.770010, 0.000000 90.000000 0.000000 1.000000 1.000000 1.000000 
376 -17.413410 0.615982 -42.704200, 0.000000 90.000000 0.000000 1.000000 1.000000 1.000000 
377 -15.999000 0.110001 49.310010, 0.000000 180.000000 0.000000 1.000000 1.000000 1.000000 
378 -16.160000 0.110001 46.610020, 0.000000 0.000000 0.000000 1.000000 1.000000 1.000000 
379 -14.144650 0.110001 57.142340, 0.000000 180.000000 0.000000 1.000000 1.000000 1.000000 
380 -14.099000 0.000000 55.710030, 0.000000 0.000000 0.000000 1.000000 1.000000 1.000000 
381 -10.180000 0.110001 54.442360, 0.000000 0.000000 0.000000 1.000000 1.000000 1.000000 
382 -8.164652 0.110001 49.362340, 0.000000 180.000000 0.000000 1.000000 1.000000 1.000000 
383 -8.118999 0.000000 47.930020, 0.000000 0.000000 0.000000 1.000000 1.000000 1.000000 
384 -9.973347 0.000000 47.930020, 0.000000 0.000000 0.000000 1.000000 1.000000 1.000000 
385 -8.325653 0.110001 46.662350, 0.000000 0.000000 0.000000 1.000000 1.000000 1.000000 
386 -10.019000 0.110001 49.362340, 0.000000 180.000000 0.000000 1.000000 1.000000 1.000000 
387 -10.180000 0.110001 46.662350, 0.000000 0.000000 0.000000 1.000000 1.000000 1.000000 
388 -10.019000 0.110001 57.142340, 0.000000 180.000000 0.000000 1.000000 1.000000 1.000000 
389 -8.325653 0.110001 54.442360, 0.000000 0.000000 0.000000 1.000000 1.000000 1.000000 
390 -9.973347 0.000000 55.710030, 0.000000 0.000000 0.000000 1.000000 1.000000 1.000000 
391 -8.118999 0.000000 55.710030, 0.000000 0.000000 0.000000 1.000000 1.000000 1.000000 
392 -8.164652 0.110001 57.142340, 0.000000 180.000000 0.000000 1.000000 1.000000 1.000000 
393 -15.953350 0.000000 55.710030, 0.000000 0.000000 0.000000 1.000000 1.000000 1.000000 
394 -14.305650 0.110001 54.442360, 0.000000 0.000000 0.000000 1.000000 1.000000 1.000000 
395 -15.999000 0.110001 57.142340, 0.000000 180.000000 0.000000 1.000000 1.000000 1.000000 
396 -16.160000 0.110001 54.442360, 0.000000 0.000000 0.000000 1.000000 1.000000 1.000000 
397 -14.099000 0.000000 47.877690, 0.000000 0.000000 0.000000 1.000000 1.000000 1.000000 
398 -14.144650 0.110001 49.310010, 0.000000 180.000000 0.000000 1.000000 1.000000 1.000000 
399 -14.305650 0.110001 46.610020, 0.000000 0.000000 0.000000 1.000000 1.000000 1.000000 
400 -15.953350 0.000000 47.877690, 0.000000 0.000000 0.000000 1.000000 1.000000 1.000000 
401 22.100000 0.000000 47.550010, 0.000000 90.000000 0.000000 1.000000 1.000000 1.000000 
402 33.310000 0.000000 51.170030, 0.000000 270.000000 0.000000 1.000000 1.000000 1.000000 
403 33.272160 0.000000 48.747150, 0.000000 270.000000 0.000000 1.000000 1.000000 1.000000 
404 27.310000 0.000000 49.130030, 0.000000 90.000000 0.000000 1.000000 1.000000 3.000020 
405 -31.980000 0.000000 -53.430040, 0.000000 90.000000 0.000000 1.000000 1.000000 1.000000 
406 -26.740000 0.000000 -55.140030, 0.000000 90.000000 0.000000 1.000000 1.000000 3.000020 
407 -32.017840 0.000000 -55.852920, 0.000000 90.000000 0.000000 1.000000 1.000000 1.000000 
408 -25.280000 0.000000 -59.640030, 0.000000 0.000000 0.000000 1.000000 1.000000 1.000000 
409 -27.410000 0.000000 -59.640030, 0.000000 0.000000 0.000000 1.000000 1.000000 1.000000 
410 -31.980000 0.000000 -48.610050, 0.000000 90.000000 0.000000 1.000000 1.000000 1.000000 
411 -32.017840 0.000000 -51.032940, 0.000000 90.000000 0.000000 1.000000 1.000000 1.000000 
412 -22.000000 0.000000 -48.150030, 0.000000 270.000000 0.000000 1.000000 1.000000 1.000000 
413 -26.740000 0.000000 -49.200040, 0.000000 90.000000 0.000000 1.000000 1.000000 3.000020 
414 27.310000 0.000000 55.070030, 0.000000 90.000000 0.000000 1.000000 1.000000 3.000020 
415 33.310000 0.000000 55.990020, 0.000000 270.000000 0.000000 1.000000 1.000000 1.000000 
416 26.250000 0.000000 59.600030, 0.000000 180.000000 0.000000 1.000000 1.000000 1.000000 
417 28.420000 0.000000 59.600030, 0.000000 180.000000 0.000000 1.000000 1.000000 1.000000 
418 33.272160 0.000000 53.567120, 0.000000 270.000000 0.000000 1.000000 1.000000 1.000000 
419 57.550000 0.000000 52.400030, 0.000000 0.000000 0.000000 1.000000 0.500000 1.000000 
420 56.629990 0.000000 55.170040, 0.000000 0.000000 0.000000 1.000000 1.000000 1.000000 
421 48.509990 0.000000 55.200020, 0.000000 0.000000 0.000000 1.000000 1.000000 1.000000 
422 40.490010 0.000000 49.960030, 0.000000 180.000000 0.000000 1.000000 1.000000 1.000000 
423 44.520000 0.000000 55.200020, 0.000000 0.000000 0.000000 1.000000 1.000000 1.000000 
424 44.500010 0.000000 49.960030, 0.000000 180.000000 0.000000 1.000000 1.000000 1.000000 
425 52.600010 0.000000 49.960030, 0.000000 180.000000 0.000000 1.000000 1.000000 1.000000 
426 48.530000 0.000000 49.960030, 0.000000 180.000000 0.000000 1.000000 1.000000 1.000000 
427 52.550000 0.000000 55.170040, 0.000000 0.000000 0.000000 1.000000 1.000000 1.000000 
428 40.490000 0.000000 55.200020, 0.000000 0.000000 0.000000 1.000000 1.000000 1.000000 
429 36.460000 0.000000 49.960030, 0.000000 180.000000 0.000000 1.000000 1.000000 1.000000 
430 55.850010 1.500000 49.540020, 0.000000 160.000000 0.000000 1.000000 1.000000 1.000000 
431 39.710000 1.500000 49.540020, 0.000000 160.000000 0.000000 1.000000 1.000000 1.000000 
432 53.349990 1.500000 55.520050, 0.000000 340.000000 0.000000 1.000000 1.000000 1.000000 
433 49.270000 1.500000 55.520050, 0.000000 340.000000 0.000000 1.000000 1.000000 1.000000 
434 51.780000 1.500000 49.540020, 0.000000 160.000000 0.000000 1.000000 1.000000 1.000000 
435 47.750010 1.500000 49.540020, 0.000000 160.000000 0.000000 1.000000 1.000000 1.000000 
436 43.740010 1.500000 49.540020, 0.000000 160.000000 0.000000 1.000000 1.000000 1.000000 
437 41.240000 1.500000 55.550030, 0.000000 340.000000 0.000000 1.000000 1.000000 1.000000 
438 37.210000 1.500000 55.550030, 0.000000 340.000000 0.000000 1.000000 1.000000 1.000000 
439 45.230000 1.500000 55.550030, 0.000000 340.000000 0.000000 1.000000 1.000000 1.000000 
440 50.330000 1.500000 56.160030, 0.000000 180.000000 0.000000 1.000000 1.000000 1.000000 
441 50.600010 1.500000 48.940010, 0.000000 0.000000 0.000000 1.000000 1.000000 1.000000 
442 54.670020 1.500000 48.940010, 0.000000 0.000000 0.000000 1.000000 1.000000 1.000000 
443 46.289990 1.500000 56.190030, 0.000000 180.000000 0.000000 1.000000 1.000000 1.000000 
444 54.410000 1.500000 56.160030, 0.000000 180.000000 0.000000 1.000000 1.000000 1.000000 
445 42.300000 1.500000 56.190030, 0.000000 180.000000 0.000000 1.000000 1.000000 1.000000 
446 38.270000 1.500000 56.190030, 0.000000 180.000000 0.000000 1.000000 1.000000 1.000000 
447 46.570010 1.500000 48.940010, 0.000000 0.000000 0.000000 1.000000 1.000000 1.000000 
448 42.560010 1.500000 48.940010, 0.000000 0.000000 0.000000 1.000000 1.000000 1.000000 
449 38.530010 1.500000 48.940010, 0.000000 0.000000 0.000000 1.000000 1.000000 1.000000 
450 42.530010 0.000000 50.800030, 0.000000 180.000000 0.000000 1.000000 1.000000 1.000000 
451 54.490000 0.000000 54.860040, 0.000000 0.000000 0.000000 1.000000 1.000000 1.000000 
452 38.350000 0.000000 54.890030, 0.000000 0.000000 0.000000 1.000000 1.000000 1.000000 
453 42.380000 0.000000 54.890030, 0.000000 0.000000 0.000000 1.000000 1.000000 1.000000 
454 50.570000 0.000000 50.800030, 0.000000 180.000000 0.000000 1.000000 1.000000 1.000000 
455 50.410000 0.000000 54.860040, 0.000000 0.000000 0.000000 1.000000 1.000000 1.000000 
456 38.500000 0.000000 50.800030, 0.000000 180.000000 0.000000 1.000000 1.000000 1.000000 
457 -53.180010 0.000000 -54.670030, 0.000000 180.000000 0.000000 1.000000 1.000000 1.000000 
458 -49.150000 0.000000 -54.670030, 0.000000 180.000000 0.000000 1.000000 1.000000 1.000000 
459 -39.080000 0.000000 -55.510030, 0.000000 180.000000 0.000000 1.000000 1.000000 1.000000 
460 -51.190010 0.000000 -50.270040, 0.000000 0.000000 0.000000 1.000000 1.000000 1.000000 
461 -37.270010 1.500000 -49.310030, 0.000000 180.000000 0.000000 1.000000 1.000000 1.000000 
462 -51.970010 1.500000 -55.930040, 0.000000 160.000000 0.000000 1.000000 1.000000 1.000000 
463 -37.190010 0.000000 -50.610020, 0.000000 0.000000 0.000000 1.000000 1.000000 1.000000 
464 -41.270010 0.000000 -50.610020, 0.000000 0.000000 0.000000 1.000000 1.000000 1.000000 
465 -43.930000 1.500000 -55.930040, 0.000000 160.000000 0.000000 1.000000 1.000000 1.000000 
466 -53.330010 0.000000 -50.580040, 0.000000 0.000000 0.000000 1.000000 1.000000 1.000000 
467 -47.180000 0.000000 -55.510030, 0.000000 180.000000 0.000000 1.000000 1.000000 1.000000 
468 -39.900010 1.500000 -55.930040, 0.000000 160.000000 0.000000 1.000000 1.000000 1.000000 
469 -53.150000 1.500000 -56.530050, 0.000000 0.000000 0.000000 1.000000 1.000000 1.000000 
470 -53.410010 1.500000 -49.280030, 0.000000 180.000000 0.000000 1.000000 1.000000 1.000000 
471 -41.080000 1.500000 -56.530050, 0.000000 0.000000 0.000000 1.000000 1.000000 1.000000 
472 -54.470010 1.500000 -49.920030, 0.000000 340.000000 0.000000 1.000000 1.000000 1.000000 
473 -43.170010 0.000000 -50.270040, 0.000000 0.000000 0.000000 1.000000 1.000000 1.000000 
474 -49.120000 1.500000 -56.530050, 0.000000 0.000000 0.000000 1.000000 1.000000 1.000000 
475 -38.330020 1.500000 -49.950020, 0.000000 340.000000 0.000000 1.000000 1.000000 1.000000 
476 -39.130010 0.000000 -50.300020, 0.000000 0.000000 0.000000 1.000000 1.000000 1.000000 
477 -41.110010 0.000000 -54.670030, 0.000000 180.000000 0.000000 1.000000 1.000000 1.000000 
478 -46.450010 1.500000 -49.920030, 0.000000 340.000000 0.000000 1.000000 1.000000 1.000000 
479 -51.190000 0.000000 -55.510030, 0.000000 180.000000 0.000000 1.000000 1.000000 1.000000 
480 -45.390010 1.500000 -49.280030, 0.000000 180.000000 0.000000 1.000000 1.000000 1.000000 
481 -35.050020 0.000000 -50.300020, 0.000000 0.000000 0.000000 1.000000 1.000000 1.000000 
482 -35.830000 1.500000 -55.930040, 0.000000 160.000000 0.000000 1.000000 1.000000 1.000000 
483 -49.300010 0.000000 -50.580040, 0.000000 0.000000 0.000000 1.000000 1.000000 1.000000 
484 -50.440010 1.500000 -49.920030, 0.000000 340.000000 0.000000 1.000000 1.000000 1.000000 
485 -43.150000 0.000000 -55.510030, 0.000000 180.000000 0.000000 1.000000 1.000000 1.000000 
486 -55.220010 0.000000 -55.510030, 0.000000 180.000000 0.000000 1.000000 1.000000 1.000000 
487 -47.940000 1.500000 -55.930040, 0.000000 160.000000 0.000000 1.000000 1.000000 1.000000 
488 -41.350010 1.500000 -49.310030, 0.000000 180.000000 0.000000 1.000000 1.000000 1.000000 
489 -45.109990 1.500000 -56.530050, 0.000000 0.000000 0.000000 1.000000 1.000000 1.000000 
490 -42.410010 1.500000 -49.950020, 0.000000 340.000000 0.000000 1.000000 1.000000 1.000000 
491 -49.380010 1.500000 -49.280030, 0.000000 180.000000 0.000000 1.000000 1.000000 1.000000 
492 -37.009990 1.500000 -56.530050, 0.000000 0.000000 0.000000 1.000000 1.000000 1.000000 
493 -47.160010 0.000000 -50.270040, 0.000000 0.000000 0.000000 1.000000 1.000000 1.000000 
494 0.540000 0.000000 52.360030, 0.000000 90.000000 0.000000 2.000000 3.000000 2.000000 
495 54.480000 0.000000 32.010010, 0.000000 90.000000 0.000000 4.400017 4.000000 6.000041 
496 -49.180000 0.000000 -22.940010, 0.000000 90.000000 0.000000 3.000021 4.000000 6.000041 
497 -44.170000 0.000000 -27.540020, 0.000000 90.000000 0.000000 3.000021 4.000000 6.000041 
498 -56.700000 0.000000 -23.680010, 0.000000 0.000000 0.000000 3.000000 4.000000 4.000000 
499 -52.860000 0.000000 -28.310010, 0.000000 0.000000 0.000000 4.000000 4.000000 3.000000 
500 -41.310000 0.000000 -23.470010, 0.000000 0.000000 0.000000 1.000000 0.500000 1.000000 
501 -37.610000 0.000000 -28.390010, 0.000000 0.000000 0.000000 3.000000 3.000000 3.000000 
502 -36.310000 0.000000 -23.240010, 0.000000 0.000000 0.000000 3.300000 3.000000 2.000000 
503 51.970000 0.000000 23.260010, 0.000000 0.000000 0.000000 4.400000 4.000000 6.000000 
504 44.630000 0.000000 23.660010, 0.000000 90.000000 0.000000 4.400017 4.000000 5.800011 
505 43.000000 0.000000 29.790020, 0.000000 90.000000 0.000000 4.300017 4.000000 3.000020 
506 38.000000 0.000000 29.790020, 0.000000 90.000000 0.000000 4.300017 4.000000 3.000020 
507 37.800000 0.000000 24.180010, 0.000000 0.000000 0.000000 4.300000 4.000000 4.000000 
508 32.450160 0.000000 39.870010, 0.000000 0.000000 0.000000 1.000000 0.700000 1.000000 
509 29.746220 0.000000 39.870010, 0.000000 0.000000 0.000000 1.000000 0.700000 1.000000 
510 31.186060 0.000000 39.836440, 0.000000 0.000000 0.000000 1.000000 0.700000 1.000000 
511 51.300000 0.000000 35.600010, 0.000000 0.000000 0.000000 1.000000 0.700000 1.000000 
512 25.130000 0.000000 24.580020, 0.000000 180.000000 0.000000 1.000000 0.700000 1.500001 
513 24.798740 2.270355 24.962320, 0.000000 180.000000 0.000000 1.000000 0.700000 1.500002 
514 24.798740 2.229265 24.962330, 0.000000 180.000000 0.000000 1.000000 0.700000 1.500002 
515 24.798680 1.848497 24.958230, 0.000000 180.000000 0.000000 1.000000 0.700000 1.500003 
516 24.822060 1.699791 24.902220, 0.000000 300.000000 0.000000 1.375001 0.700000 1.125001 
517 24.773670 1.699791 24.904120, 0.000000 60.000000 0.000000 1.375001 0.700000 1.125001 
518 24.796930 1.699791 24.993480, 0.000000 180.000000 0.000000 1.000000 0.700000 1.500003 
519 24.796290 2.270624 24.866250, 0.000000 180.000000 0.000000 1.000000 0.700000 1.500002 
520 25.132160 2.270624 24.966820, 0.000000 180.000000 0.000000 1.000000 0.700000 1.500002 
521 25.143320 0.989891 24.943330, 0.000000 180.000000 0.000000 1.000000 0.700000 1.500002 
522 26.992610 0.000000 24.557340, 0.000000 180.000000 0.000000 1.000000 0.700000 1.500001 
523 28.882620 0.000000 24.559900, 0.000000 180.000000 0.000000 1.000000 0.700000 1.500001 
524 21.900000 0.000000 38.300010, 0.000000 90.000000 0.000000 1.000000 1.000000 0.600002 
525 21.311230 2.457954 38.300050, 0.000000 90.000000 0.000000 1.000000 1.000000 0.600003 
526 27.227390 0.000000 30.400010, 0.000000 180.000000 0.000000 1.000000 0.700000 1.500001 
527 26.896130 2.270355 30.782310, 0.000000 180.000000 0.000000 1.000000 0.700000 1.500001 
528 26.896130 2.229265 30.782320, 0.000000 180.000000 0.000000 1.000000 0.700000 1.500001 
529 26.896070 1.848497 30.778230, 0.000000 180.000000 0.000000 1.000000 0.700000 1.500001 
530 26.919450 1.699791 30.722210, 0.000000 300.000000 0.000000 1.375000 0.700000 1.125001 
531 26.871060 1.699791 30.724110, 0.000000 60.000000 0.000000 1.375000 0.700000 1.125001 
532 26.894320 1.699791 30.813470, 0.000000 180.000000 0.000000 1.000000 0.700000 1.500001 
533 26.893670 2.270624 30.686250, 0.000000 180.000000 0.000000 1.000000 0.700000 1.500001 
534 27.229550 2.270624 30.786820, 0.000000 180.000000 0.000000 1.000000 0.700000 1.500001 
535 27.240700 0.989891 30.763330, 0.000000 180.000000 0.000000 1.000000 0.700000 1.500001 
536 21.100000 0.000000 30.000020, 0.000000 180.000000 0.000000 1.000000 0.700000 1.500001 
537 20.768750 2.270355 30.382320, 0.000000 180.000000 0.000000 1.000000 0.700000 1.500002 
538 20.768750 2.229265 30.382320, 0.000000 180.000000 0.000000 1.000000 0.700000 1.500002 
539 20.768680 1.848497 30.378230, 0.000000 180.000000 0.000000 1.000000 0.700000 1.500003 
540 20.792060 1.699791 30.322220, 0.000000 300.000000 0.000000 1.375002 0.700000 1.125002 
541 20.743670 1.699791 30.324110, 0.000000 60.000000 0.000000 1.375002 0.700000 1.125002 
542 20.766930 1.699791 30.413480, 0.000000 180.000000 0.000000 1.000000 0.700000 1.500003 
543 20.766290 2.270624 30.286250, 0.000000 180.000000 0.000000 1.000000 0.700000 1.500002 
544 21.102160 2.270624 30.386820, 0.000000 180.000000 0.000000 1.000000 0.700000 1.500002 
545 21.113320 0.989891 30.363330, 0.000000 180.000000 0.000000 1.000000 0.700000 1.500002 
546 29.000000 0.000000 30.400010, 0.000000 180.000000 0.000000 1.000000 0.700000 1.500001 
547 30.890000 0.000000 30.400010, 0.000000 180.000000 0.000000 1.000000 0.700000 1.500001 
548 21.900000 0.000000 35.823600, 0.000000 90.000000 0.000000 1.000000 1.000000 0.600002 
549 21.311230 2.457954 35.823640, 0.000000 90.000000 0.000000 1.000000 1.000000 0.600003 
550 49.900000 0.000000 39.600010, 0.000000 0.000000 0.000000 1.000000 0.700000 1.000000 
551 48.000000 0.000000 39.600010, 0.000000 0.000000 0.000000 1.000000 0.700000 1.000000 
552 43.540000 0.000000 39.820010, 0.000000 0.000000 0.000000 1.000000 0.700000 1.000000 
553 43.871260 2.270355 39.565150, 0.000000 0.000000 0.000000 1.000000 0.700000 1.000000 
554 43.871260 2.229263 39.565150, 0.000000 0.000000 0.000000 1.000000 0.700000 1.000000 
555 43.871330 1.848495 39.567880, 0.000000 0.000000 0.000000 1.000000 0.700000 1.000000 
556 43.847950 1.699791 39.605240, 0.000000 120.000000 0.000000 1.000000 0.700000 1.000000 
557 43.896340 1.699791 39.603970, 0.000000 240.000000 0.000000 1.000000 0.700000 1.000000 
558 43.873080 1.699791 39.544390, 0.000000 0.000000 0.000000 1.000000 0.700000 1.000000 
559 43.873710 2.270626 39.629200, 0.000000 0.000000 0.000000 1.000000 0.700000 1.000000 
560 43.537840 2.270626 39.562150, 0.000000 0.000000 0.000000 1.000000 0.700000 1.000000 
561 43.526690 0.989891 39.577810, 0.000000 0.000000 0.000000 1.000000 0.700000 1.000000 
562 30.986060 0.000000 39.122960, 0.000000 180.000000 0.000000 1.000000 0.700000 1.000000 
563 29.662110 0.000000 39.155340, 0.000000 180.000000 0.000000 1.000000 0.700000 1.000000 
564 32.366050 0.000000 39.155340, 0.000000 180.000000 0.000000 1.000000 0.700000 1.000000 
565 35.450000 0.000000 39.870010, 0.000000 0.000000 0.000000 1.000000 0.700000 1.000000 
566 40.444110 0.000000 34.460010, 0.000000 0.000000 0.000000 1.000000 0.700000 1.000000 
567 36.561950 0.000000 44.460010, 0.000000 180.000000 0.000000 1.000000 0.700000 1.000000 
568 43.743940 0.000000 44.460010, 0.000000 180.000000 0.000000 1.000000 0.700000 1.000000 
569 34.736060 0.000000 34.460010, 0.000000 0.000000 0.000000 1.000000 0.700000 1.000000 
570 41.883950 0.000000 34.426450, 0.000000 0.000000 0.000000 1.000000 0.700000 1.000000 
571 39.265890 0.000000 44.460010, 0.000000 180.000000 0.000000 1.000000 0.700000 1.000000 
572 42.420000 0.000000 44.460010, 0.000000 180.000000 0.000000 1.000000 0.700000 1.000000 
573 36.175890 0.000000 34.426450, 0.000000 0.000000 0.000000 1.000000 0.700000 1.000000 
574 37.440000 0.000000 34.460010, 0.000000 0.000000 0.000000 1.000000 0.700000 1.000000 
575 37.885890 0.000000 44.460010, 0.000000 180.000000 0.000000 1.000000 0.700000 1.000000 
576 29.000000 0.000000 44.500020, 0.000000 180.000000 0.000000 1.000000 0.700000 1.000000 
577 27.676060 0.000000 44.500020, 0.000000 180.000000 0.000000 1.000000 0.700000 1.000000 
578 36.889840 0.000000 39.836440, 0.000000 0.000000 0.000000 1.000000 0.700000 1.000000 
579 36.839830 0.000000 39.122960, 0.000000 180.000000 0.000000 1.000000 0.700000 1.000000 
580 35.515880 0.000000 39.155340, 0.000000 180.000000 0.000000 1.000000 0.700000 1.000000 
581 41.600000 0.000000 39.820010, 0.000000 0.000000 0.000000 1.000000 0.700000 1.000000 
582 53.890000 0.000000 -17.340030, 0.000000 90.000000 0.000000 1.000000 1.000000 1.000000 
583 26.200000 0.000000 -9.900003, 0.000000 90.000000 0.000000 4.000017 3.000000 3.000020 
584 28.300000 0.000000 -15.100010, 0.000000 0.000000 0.000000 4.000000 3.000000 3.500002 
585 27.400000 0.000000 -3.800002, 0.000000 0.000000 0.000000 3.000000 4.000000 3.000000 
586 -56.600000 0.000000 8.900003, 0.000000 0.000000 0.000000 1.000000 0.500000 1.000000 
587 -58.400000 0.000000 -6.900004, 0.000000 0.000000 0.000000 4.000000 3.000000 3.500002 
588 -56.900000 0.000000 15.300010, 0.000000 0.000000 0.000000 4.000000 3.000000 4.000000 
589 -56.300000 0.000000 0.200000, 0.000000 0.000000 0.000000 4.000000 4.000000 4.000000 
590 -52.900000 0.000000 12.100010, 0.000000 0.000000 0.000000 3.000000 3.000000 3.000000 
591 -47.500000 0.000000 15.880010, 0.000000 0.000000 0.000000 3.000000 3.000000 3.000000 
592 -23.430000 0.000000 15.820010, 0.000000 0.000000 0.000000 3.000000 3.000000 3.000000 
593 -16.840000 0.000000 15.290010, 0.000000 0.000000 0.000000 3.000000 3.000000 3.000000 
594 -47.500000 0.000000 -16.670010, 0.000000 0.000000 0.000000 3.000000 3.000000 3.000000 
595 -51.800000 0.000000 4.800002, 0.000000 0.000000 0.000000 4.000000 3.000000 4.000000 
596 -52.600000 0.000000 -3.800002, 0.000000 0.000000 0.000000 3.000000 4.000000 3.000000 
597 -51.700000 0.000000 -15.100010, 0.000000 0.000000 0.000000 4.000000 3.000000 3.500002 
598 -53.800000 0.000000 -9.900003, 0.000000 90.000000 0.000000 4.000017 3.000000 3.000020 
599 -56.800000 0.000000 -15.600010, 0.000000 0.000000 0.000000 4.000000 3.000000 3.500002 
600 -52.600000 0.000000 17.000000, 0.000000 0.000000 0.000000 1.000000 0.500000 1.000000 
601 23.200000 0.000000 -15.600010, 0.000000 0.000000 0.000000 4.000000 3.000000 3.500002 
